2005  6 25   14  7 29   2
2005  6 25   14 21 54   38
2005  6 25   14 24 37   39
2005  6 25   14 27 32   34
2005  6 25   14 48  0   26
2005  6 25   14 48 52   28
2005  6 25   14 52 12   39
2005  6 25   14 53 16   42
2005  6 25   14 57 35   41
2005  6 25   14 58 40   35
2005  6 25   15  2  2   46
2005  6 25   15  7 52   67
2005  6 25   15 15 13   54
2005  6 25   15 16 41   78
2005  6 25   15 21 22   50
2005  6 25   15 22 30   59
2005  6 25   15 31 32   59
2005  6 25   15 33  5   46
2005  6 25   15 35 44   46
2005  6 25   15 37 22   49
2005  6 25   15 44 40   41
2008  7 16    4 40 30    2
2008  7 16    4 55 54   51
2008  7 16    4 56 58    2
2018 11  2   14 58  6    2
